cam_model: Pinhole
cam_width: 1280
cam_height: 720
cam_fx: 944.6038146940177
cam_fy: 942.9497516596597
cam_cx: 637.0443373059514
cam_cy: 363.5767534740026
cam_d0: 0.07928990904889412
cam_d1: -0.08084234507758961
cam_d2: 0.0019888723170449823
cam_d3: -0.0002867608134342433