cam_model: Pinhole
cam_width: 1280
cam_height: 720
cam_fx: 519.4588780362625
cam_fy: 519.032899533456
cam_cx: 644.395939609842
cam_cy: 362.3814704200585
cam_d0: 0.019442915619071716
cam_d1: -0.012026334544560754
cam_d2: -0.0003783904135957078
cam_d3: 0.0005456090834102392